<?xml version="1.0" encoding="UTF-8" standalone="no" ?>
<SimscapeMultibodyImportXML version="2.0" xmlns="urn:mathworks:SimscapeMultibody:import" xmlns:xsi="http://www.w3.org/2001/XMLSchema-instance">
<Created by="" on="11/12/23||18:01:46" using="Simscape Multibody Link Version 7.4" from="SolidWorks 28.2.0"/>
<ModelUnits mass="kilogram" length="millimeter"/>
<DataUnits mass="kilogram" length="meter"/>
<RootAssembly name="underwater_rov" uid="underwater_rov" version="189">
<AssemblyFile name="underwater_rov.SLDASM" type="SolidWorks Assembly"/>
<InstanceTree>
<Instance name="rov_centered.step-3" uid="rov_centered.step-3" grounded="true" entityUid="rov_centered.step*:*Default">
<Transform>
<Rotation>1 0 0 0 -3.4914813388431334e-15 -1 0 1 -3.4914813388431334e-15</Rotation>
<Translation>0 0 0</Translation>
</Transform>
</Instance>
<Instance name="thruster-2" uid="thruster-2" entityUid="thruster">
<Transform>
<Rotation>-0.40216888535929962 -1.9638269799951323e-15 0.91556550156111649 -0.91556550156111649 3.8701737765838272e-15 -0.40216888535929962 -2.753607487303491e-15 -1 -3.3544757077939994e-15</Rotation>
<Translation>-0.22311494849286903 -0.18895880825140535 -0.014743204601620874</Translation>
</Transform>
<Instance name="screw housing-1" uid="screw housing-1" grounded="true" entityUid="screw housing*:*Default">
<Transform>
<Rotation>1 0 0 0 1 0 0 0 1</Rotation>
<Translation>-0.07942997648479494 -0.014773556260763598 0.10833275966600202</Translation>
</Transform>
</Instance>
<Instance name="screw-1" uid="screw-1" entityUid="screw*:*Default">
<Transform>
<Rotation>0 0.58651786666362327 0.80993628890447456 1.224646799147813e-16 0.80993628890447433 -0.58651786666362327 -1.0000000000000002 1.0788749812176944e-16 0</Rotation>
<Translation>-0.079429976484794995 -0.014773556260763742 0.10333275966600201</Translation>
</Transform>
</Instance>
<Instance name="screw housing end-1" uid="screw housing end-1" grounded="true" entityUid="screw housing end*:*Default">
<Transform>
<Rotation>-0.64461063620024228 0.76451103830979417 0 0.76451103830979383 0.64461063620024206 2.1945727810804286e-16 2.0530977902210733e-16 1.6392927579407253e-16 -1</Rotation>
<Translation>-0.079429976484795078 -0.014773556260763834 0.075832759666001906</Translation>
</Transform>
</Instance>
</Instance>
<Instance name="thruster-3" uid="thruster-3" entityUid="thruster">
<Transform>
<Rotation>0.40216888535929962 -1.9423973069184737e-15 0.9155655015611166 -0.9155655015611166 2.1543360077373096e-15 0.40216888535929962 -2.7536074873034918e-15 -1 -9.1198505361865186e-16</Rotation>
<Translation>0.055872700667740888 -0.26242119655473489 -0.014743204601621099</Translation>
</Transform>
<Instance name="screw housing-1" uid="screw housing-1" grounded="true" entityUid="screw housing*:*Default">
<Transform>
<Rotation>1 0 0 0 1 0 0 0 1</Rotation>
<Translation>-0.07942997648479494 -0.014773556260763598 0.10833275966600206</Translation>
</Transform>
</Instance>
<Instance name="screw housing end-1" uid="screw housing end-1" grounded="true" entityUid="screw housing end*:*Default">
<Transform>
<Rotation>-0.64461063620024239 0.76451103830979361 0 0.76451103830979361 0.64461063620024228 2.0798735622592289e-16 1.9762227918368642e-16 0 -0.99999999999999989</Rotation>
<Translation>-0.079429976484795078 -0.014773556260763834 0.075832759666001948</Translation>
</Transform>
</Instance>
<Instance name="screw-1" uid="screw-1" entityUid="screw*:*Default">
<Transform>
<Rotation>0 0.58651786666362338 0.80993628890447456 1.224646799147811e-16 0.80993628890447433 -0.58651786666362327 -1.0000000000000002 0 0</Rotation>
<Translation>-0.079429976484795023 -0.014773556260763744 0.10333275966600206</Translation>
</Transform>
</Instance>
</Instance>
<Instance name="thruster-4" uid="thruster-4" entityUid="thruster">
<Transform>
<Rotation>0.40216888535930007 -4.3705970624227609e-15 0.91556550156111616 0.91556550156111616 -2.4861332439173999e-15 -0.40216888535930007 4.0339359793641925e-15 1 3.0017224560176741e-15</Rotation>
<Translation>0.055872700667741151 0.26242119655473511 0.014803907919907374</Translation>
</Transform>
<Instance name="screw-1" uid="screw-1" entityUid="screw*:*Default">
<Transform>
<Rotation>0 0.58651786666362327 0.80993628890447456 1.2246467991477577e-16 0.80993628890447456 -0.58651786666362327 -1 0 0</Rotation>
<Translation>-0.07942997648479494 -0.014773556260763742 0.10333275966600197</Translation>
</Transform>
</Instance>
<Instance name="screw housing-1" uid="screw housing-1" grounded="true" entityUid="screw housing*:*Default">
<Transform>
<Rotation>1 0 0 0 1 0 0 0 1</Rotation>
<Translation>-0.079429976484794884 -0.0147735562607636 0.10833275966600198</Translation>
</Transform>
</Instance>
<Instance name="screw housing end-1" uid="screw housing end-1" grounded="true" entityUid="screw housing end*:*Default">
<Transform>
<Rotation>-0.64461063620024217 0.76451103830979383 0 0.76451103830979383 0.64461063620024206 2.1945727810803773e-16 1.8542620478009144e-16 1.0307423143860692e-16 -0.99999999999999978</Rotation>
<Translation>-0.079429976484795051 -0.014773556260763834 0.075832759666001892</Translation>
</Transform>
</Instance>
</Instance>
<Instance name="thruster-5" uid="thruster-5" entityUid="thruster">
<Transform>
<Rotation>-0.40216888535929962 -4.4101602687041396e-15 0.91556550156111638 0.91556550156111638 -5.9126097142861255e-15 0.40216888535929962 3.6397522390748938e-15 1 6.4156582567400309e-15</Rotation>
<Translation>-0.22311494849286923 0.18895880825140532 0.014803907919907005</Translation>
</Transform>
<Instance name="screw housing-1" uid="screw housing-1" grounded="true" entityUid="screw housing*:*Default">
<Transform>
<Rotation>1 0 0 0 1 0 0 0 1</Rotation>
<Translation>-0.079429976484794884 -0.014773556260763598 0.10833275966600199</Translation>
</Transform>
</Instance>
<Instance name="screw housing end-1" uid="screw housing end-1" grounded="true" entityUid="screw housing end*:*Default">
<Transform>
<Rotation>-0.64461063620024206 0.76451103830979383 0 0.76451103830979383 0.64461063620024206 2.8897365778982717e-16 2.1414927625982178e-16 1.9430981310123924e-16 -0.99999999999999978</Rotation>
<Translation>-0.079429976484794995 -0.014773556260763836 0.075832759666001892</Translation>
</Transform>
</Instance>
<Instance name="screw-1" uid="screw-1" entityUid="screw*:*Default">
<Transform>
<Rotation>0 0.58651786666362327 0.80993628890447433 1.2246467991477538e-16 0.80993628890447433 -0.58651786666362327 -1 0 0</Rotation>
<Translation>-0.07942997648479494 -0.014773556260763742 0.10333275966600199</Translation>
</Transform>
</Instance>
</Instance>
</InstanceTree>
<Constraints>
<Concentric name="Концентричный2">
<ConstraintGeometry geomType="cylinder">
<InstancePath>
<Uid>rov_centered.step-3</Uid>
</InstancePath>
<Position>-0.10289451314485761 3.0351659143165648e-05 0.14236911868714142</Position>
<Axis>0.40216888535929962 -4.4307237588570175e-16 -0.91556550156111649</Axis>
</ConstraintGeometry>
<ConstraintGeometry geomType="cylinder">
<InstancePath>
<Uid>thruster-2</Uid>
<Uid>screw housing-1</Uid>
</InstancePath>
<Position>0.037002000000000007 0 -0.017000000000000001</Position>
<Axis>-1.0000000000000002 0 0</Axis>
</ConstraintGeometry>
</Concentric>
<Coincident name="Совпадение2">
<ConstraintGeometry geomType="plane">
<InstancePath>
<Uid>rov_centered.step-3</Uid>
</InstancePath>
<Position>-0.089846085139783302 3.03516591431513e-05 0.11266346276506099</Position>
<Axis>-0.40216888535930201 4.4307237588570175e-16 0.91556550156111527</Axis>
</ConstraintGeometry>
<ConstraintGeometry geomType="plane">
<InstancePath>
<Uid>thruster-2</Uid>
<Uid>screw housing-1</Uid>
</InstancePath>
<Position>-0.044020000000000004 0 -0.017000000000000001</Position>
<Axis>-1.0000000000000002 0 0</Axis>
</ConstraintGeometry>
</Coincident>
<Concentric name="Концентричный3">
<ConstraintGeometry geomType="cylinder">
<InstancePath>
<Uid>rov_centered.step-3</Uid>
</InstancePath>
<Position>0.10289451314485761 3.0351659143165648e-05 0.14236911868714142</Position>
<Axis>-0.40216888535929962 -4.4307237588570175e-16 -0.91556550156111649</Axis>
</ConstraintGeometry>
<ConstraintGeometry geomType="cylinder">
<InstancePath>
<Uid>thruster-3</Uid>
<Uid>screw housing-1</Uid>
</InstancePath>
<Position>0.037002000000000035 0 -0.017000000000000008</Position>
<Axis>-1.0000000000000002 0 0</Axis>
</ConstraintGeometry>
</Concentric>
<Coincident name="Совпадение3">
<ConstraintGeometry geomType="plane">
<InstancePath>
<Uid>rov_centered.step-3</Uid>
</InstancePath>
<Position>0.089846085139783302 3.03516591431513e-05 0.11266346276506099</Position>
<Axis>0.40216888535930201 4.4307237588570175e-16 0.91556550156111527</Axis>
</ConstraintGeometry>
<ConstraintGeometry geomType="plane">
<InstancePath>
<Uid>thruster-3</Uid>
<Uid>screw housing-1</Uid>
</InstancePath>
<Position>-0.044020000000000031 0 -0.017000000000000008</Position>
<Axis>-1.0000000000000002 0 0</Axis>
</ConstraintGeometry>
</Coincident>
<Concentric name="Концентричный4">
<ConstraintGeometry geomType="cylinder">
<InstancePath>
<Uid>rov_centered.step-3</Uid>
</InstancePath>
<Position>0.1030230052090422 3.0351659143165797e-05 -0.14266163982807098</Position>
<Axis>-0.40216888535929962 -4.4307237588570175e-16 0.91556550156111649</Axis>
</ConstraintGeometry>
<ConstraintGeometry geomType="cylinder">
<InstancePath>
<Uid>thruster-4</Uid>
<Uid>screw housing-1</Uid>
</InstancePath>
<Position>0.037002000000000007 0 -0.017000000000000001</Position>
<Axis>-1 0 0</Axis>
</ConstraintGeometry>
</Concentric>
<Coincident name="Совпадение4">
<ConstraintGeometry geomType="plane">
<InstancePath>
<Uid>rov_centered.step-3</Uid>
</InstancePath>
<Position>0.089846085139783302 3.03516591431513e-05 -0.11266346276506099</Position>
<Axis>0.40216888535930201 4.4307237588570136e-16 -0.91556550156111527</Axis>
</ConstraintGeometry>
<ConstraintGeometry geomType="plane">
<InstancePath>
<Uid>thruster-4</Uid>
<Uid>screw housing-1</Uid>
</InstancePath>
<Position>-0.044020000000000004 0 -0.017000000000000015</Position>
<Axis>-1 0 0</Axis>
</ConstraintGeometry>
</Coincident>
<Concentric name="Концентричный5">
<ConstraintGeometry geomType="cylinder">
<InstancePath>
<Uid>rov_centered.step-3</Uid>
</InstancePath>
<Position>-0.1030230052090422 3.0351659143165797e-05 -0.14266163982807098</Position>
<Axis>0.40216888535929962 -4.4307237588570175e-16 0.91556550156111649</Axis>
</ConstraintGeometry>
<ConstraintGeometry geomType="cylinder">
<InstancePath>
<Uid>thruster-5</Uid>
<Uid>screw housing-1</Uid>
</InstancePath>
<Position>0.037001999999999979 0 -0.017000000000000001</Position>
<Axis>-1 0 0</Axis>
</ConstraintGeometry>
</Concentric>
<Coincident name="Совпадение5">
<ConstraintGeometry geomType="plane">
<InstancePath>
<Uid>rov_centered.step-3</Uid>
</InstancePath>
<Position>-0.089846085139783302 3.03516591431513e-05 -0.11266346276506099</Position>
<Axis>-0.40216888535930201 4.4307237588570136e-16 -0.91556550156111527</Axis>
</ConstraintGeometry>
<ConstraintGeometry geomType="plane">
<InstancePath>
<Uid>thruster-5</Uid>
<Uid>screw housing-1</Uid>
</InstancePath>
<Position>-0.044020000000000004 0 -0.017000000000000001</Position>
<Axis>-1 0 0</Axis>
</ConstraintGeometry>
</Coincident>
</Constraints>
</RootAssembly>
<Assemblies>
<Assembly name="thruster" uid="thruster" version="174">
<ModelUnits mass="kilogram" length="millimeter"/>
<AssemblyFile name="thruster.SLDASM" type="SolidWorks Assembly"/>
<Constraints>
<Concentric name="Концентричный1">
<ConstraintGeometry geomType="cylinder">
<InstancePath>
<Uid>screw housing-1</Uid>
</InstancePath>
<Position>0 0 0.0020000000000000018</Position>
<Axis>0 1.2246467991473537e-16 -1</Axis>
</ConstraintGeometry>
<ConstraintGeometry geomType="cylinder">
<InstancePath>
<Uid>screw-1</Uid>
</InstancePath>
<Position>-0.0070000000000000062 0 0</Position>
<Axis>1 0 0</Axis>
</ConstraintGeometry>
</Concentric>
<Coincident name="Совпадение1">
<ConstraintGeometry geomType="plane">
<InstancePath>
<Uid>screw housing-1</Uid>
</InstancePath>
<Position>0 0 0.0020000000000000018</Position>
<Axis>0 1.2246467991473537e-16 -1</Axis>
</ConstraintGeometry>
<ConstraintGeometry geomType="plane">
<InstancePath>
<Uid>screw-1</Uid>
</InstancePath>
<Position>-0.0070000000000000062 0 0</Position>
<Axis>-1 0 0</Axis>
</ConstraintGeometry>
</Coincident>
<Concentric name="Концентричный2">
<ConstraintGeometry geomType="cylinder">
<InstancePath>
<Uid>screw-1</Uid>
</InstancePath>
<Position>0.029500000000000012 0 0</Position>
<Axis>-1 0 0</Axis>
</ConstraintGeometry>
<ConstraintGeometry geomType="cylinder">
<InstancePath>
<Uid>screw housing end-1</Uid>
</InstancePath>
<Position>0 0 0.0020000000000000018</Position>
<Axis>0 1.2246467991473537e-16 -0.99999999999999978</Axis>
</ConstraintGeometry>
</Concentric>
<Coincident name="Совпадение3">
<ConstraintGeometry geomType="plane">
<InstancePath>
<Uid>screw-1</Uid>
</InstancePath>
<Position>0.029500000000000012 0 0</Position>
<Axis>1 0 0</Axis>
</ConstraintGeometry>
<ConstraintGeometry geomType="plane">
<InstancePath>
<Uid>screw housing end-1</Uid>
</InstancePath>
<Position>0 0 0.0020000000000000018</Position>
<Axis>0 1.2246467991473537e-16 -0.99999999999999978</Axis>
</ConstraintGeometry>
</Coincident>
</Constraints>
</Assembly>
</Assemblies>
<Parts>
<Part name="rov_centered.step" uid="rov_centered.step*:*Default" version="298">
<ModelUnits mass="kilogram" length="millimeter"/>
<PartFile name="rov_centered.step.SLDPRT" type="SolidWorks Part"/>
<MassProperties>
<Mass>1.1983809332246396</Mass>
<CenterOfMass>-1.3273316787824047e-07 -5.3749149948946818e-08 -1.5939913128994979e-07</CenterOfMass>
<Inertia>0.0062579998732952488 0.013572546657508074 0.0094623541021830321 2.4513101787649838e-08 -6.8752880604738162e-08 -1.7419377913594597e-09</Inertia>
</MassProperties>
<GeometryFile name="rov_centered.step_Default_sldprt.STEP" type="STEP"/>
<VisualProperties>
<Ambient r="0.50196078431372548" g="0" b="1" a="1"/>
<Diffuse r="0.50196078431372548" g="0" b="1" a="1"/>
<Specular r="0.25098039215686274" g="0" b="0.5" a="1"/>
<Emissive r="0" g="0" b="0" a="1"/>
<Shininess>0.40000000596046448</Shininess>
</VisualProperties>
</Part>
<Part name="screw housing end" uid="screw housing end*:*Default" version="432">
<ModelUnits mass="kilogram" length="millimeter"/>
<PartFile name="screw housing end.SLDPRT" type="SolidWorks Part"/>
<MassProperties>
<Mass>0.035253330751530969</Mass>
<CenterOfMass>0 -3.0397668863984725e-13 0.0088697024601425978</CenterOfMass>
<Inertia>2.4956252869308734e-06 2.4956252870652417e-06 2.861554288398557e-06 0 0 0</Inertia>
</MassProperties>
<GeometryFile name="screw housing end_Default_sldprt.STEP" type="STEP"/>
<VisualProperties>
<Ambient r="0.50196078431372548" g="0" b="1" a="1"/>
<Diffuse r="0.50196078431372548" g="0" b="1" a="1"/>
<Specular r="0.50196078431372548" g="0" b="1" a="1"/>
<Emissive r="0" g="0" b="0" a="1"/>
<Shininess>0.3125</Shininess>
</VisualProperties>
</Part>
<Part name="screw housing" uid="screw housing*:*Default" version="476">
<ModelUnits mass="kilogram" length="millimeter"/>
<PartFile name="screw housing.SLDPRT" type="SolidWorks Part"/>
<MassProperties>
<Mass>0.033002551486400723</Mass>
<CenterOfMass>-0.00069801548188182293 2.7064880556433401e-09 -0.0097167040785445646</CenterOfMass>
<Inertia>2.6477521896830139e-05 2.7392390972336667e-05 3.2077391090410055e-05 -9.6779045630961347e-12 -1.6781748107798741e-07 -2.4880310978002906e-11</Inertia>
</MassProperties>
<GeometryFile name="screw housing_Default_sldprt.STEP" type="STEP"/>
<VisualProperties>
<Ambient r="0.50196078431372548" g="0" b="1" a="1"/>
<Diffuse r="0.50196078431372548" g="0" b="1" a="1"/>
<Specular r="0.50196078431372548" g="0" b="1" a="1"/>
<Emissive r="0" g="0" b="0" a="1"/>
<Shininess>0.3125</Shininess>
</VisualProperties>
</Part>
<Part name="screw" uid="screw*:*Default" version="457">
<ModelUnits mass="kilogram" length="millimeter"/>
<PartFile name="screw.SLDPRT" type="SolidWorks Part"/>
<MassProperties>
<Mass>0.020483274668337572</Mass>
<CenterOfMass>0.011340139362709023 0 0</CenterOfMass>
<Inertia>3.8551617531715856e-06 3.4742696362574234e-06 3.4742696362573891e-06 0 0 0</Inertia>
</MassProperties>
<GeometryFile name="screw_Default_sldprt.STEP" type="STEP"/>
<VisualProperties>
<Ambient r="0.10588235294117647" g="0.93725490196078431" b="0" a="1"/>
<Diffuse r="0.10588235294117647" g="0.93725490196078431" b="0" a="1"/>
<Specular r="0.10588235294117647" g="0.93725490196078431" b="0" a="1"/>
<Emissive r="0" g="0" b="0" a="1"/>
<Shininess>0.3125</Shininess>
</VisualProperties>
</Part>
</Parts>
</SimscapeMultibodyImportXML>
